9.276726449406993e-08 2.5192989091449772e-11 0.9999996508931537 2.56314389074647e-07 
0.9999742718905095 6.527603310885672e-06 1.3416839498417512e-06 1.785882222971121e-05 
0.4408916986774388 1.3518351875068977e-09 1.243037016994295e-06 0.5591070569337089 
0.17385823520959887 0.7898239928406755 0.0006174040033894961 0.03570036794633618 
0.999999986881642 6.241487873876666e-09 6.2250074344534566e-09 6.518625468930449e-10 
0.9999951009728094 3.6415077896133826e-08 4.845203284126885e-06 1.740882841492478e-08 
2.8264641432734995e-09 4.405366704080846e-12 0.9999999151583695 8.201076100032476e-08 
0.9811389908930122 8.630328953102687e-09 4.883404709387673e-06 0.018856117071949348 
2.3209288499493857e-07 4.11867342457839e-31 2.0684441169534128e-11 0.9999997678864306 
1.8727774834580847e-05 5.266854203677593e-07 0.994718335311649 0.005262410228096144 
1.2169553729882979e-05 5.902305099847603e-07 8.980896230981221e-08 0.9999871504067979 
0.022699366077648293 0.9762188307145634 3.278369105356357e-07 0.001081475370877798 
0.0004445387114529563 0.9991376362120951 0.00041723696302404476 5.881134279309979e-07 
0.00899701464885186 0.8785572766886321 0.11039986792350108 0.002045840739014964 
5.537380636504945e-12 0.9999999887150285 6.33643726587187e-09 4.9429969403742645e-09 
2.6118637501662295e-09 2.384096117428894e-09 0.9999821618364215 1.7833167618641562e-05 
0.9999979645576769 2.0239267652751817e-06 9.607037462214416e-09 1.908520366914098e-09 
0.0002004198563131383 0.9389882122261202 0.009418896399534082 0.05139247151803253 
2.538899943270167e-06 0.0005767659167551353 0.9392975858797508 0.0601231093035507 
3.8575076701135516e-07 0.9999996141389257 1.0149200423902666e-10 8.815201025415015e-12 
0.9999999964550048 8.164544157308834e-17 3.5371219576452942e-09 7.873081606289968e-12 
0.9999799297983231 1.3115255689429499e-09 2.0068888661233764e-05 1.4901598623067622e-12 
6.681812094948524e-08 4.813393071745133e-13 1.8433520255884521e-06 0.9999980898293721 
2.2803086471755787e-07 0.9543510361066861 0.0005834589432478308 0.045065276919201196 
8.09777291502245e-08 2.6558435017209027e-06 0.8592311544681425 0.1407661087106267 
0.9999997848734987 2.595699507821503e-13 2.4048670667627393e-10 2.1488575501271062e-07 
0.005955309211895956 0.00014141282667890122 8.271131013774803e-07 0.9939024508483237 
0.015522787946288584 0.8022504835372575 0.16488276799484894 0.01734396052160508 
0.9793419173566299 1.0192528778821357e-11 1.9238440975866663e-08 0.02065806339473658 
6.73240265229581e-10 6.575214347761332e-06 4.099648587353162e-05 0.9999524276265384 
2.194747835425003e-08 0.9999840620213034 1.1414068673717559e-05 4.5019625445215384e-06 
0.0009071895806678267 1.2952907843489352e-07 2.2260989165497467e-07 0.9990924582803621 
2.802421148207349e-07 6.905497097221748e-10 6.953374374996301e-09 0.999999712113961 
2.5002931129777187e-06 2.1553176967663847e-11 0.9999974996824731 2.860585068905496e-12 
7.513928265991952e-10 9.307799602521776e-10 1.4134094350376474e-08 0.9999999841837329 
0.02826898502620764 0.9268958926893472 0.02494204714635418 0.01989307513809082 
0.9999979723106959 7.23659166015933e-08 5.583971939575911e-10 1.9547649903760523e-06 
0.999743003776122 2.9036504991272723e-08 0.0002568709817258987 9.620564699270714e-08 
0.39003499848066986 0.5844694661551612 0.025495449601106855 8.576306212907975e-08 
0.9999956153650804 6.09820400359789e-07 4.798916990596183e-12 3.7748097202827976e-06 
0.09304905129171483 0.8112413668367445 0.09548124781559551 0.00022833405594517253 
1.4975056928083135e-10 0.02359427595639792 0.9764057238671329 2.6718783748746466e-11 
0.99999755930848 2.6122701989063462e-11 2.4354630293013894e-06 5.202367952694303e-09 
2.2579341975655193e-06 4.219452920874787e-09 0.9999975203799767 2.174663727342034e-07 
0.036905290958725696 0.9621260624133232 0.0008890531925628445 7.959343538815741e-05 
1.7679836188699373e-06 0.9999209564602051 5.115585308057295e-06 7.215997086787153e-05 
9.503314716449954e-05 0.9720048475465969 0.02790007725948713 4.204675146015984e-08 
2.527114436328993e-06 3.544287841602558e-08 0.9999973117658723 1.2567681311781837e-07 
1.8645341469796172e-06 2.3553699715455247e-08 3.293754361265333e-09 0.999998108618399 
0.9999997981735891 1.2798293584436857e-07 5.0864417595605175e-08 2.297905751286598e-08 
0.17328203930952377 2.8130755159084898e-11 0.8266843887363329 3.357192601252016e-05 
8.497934796438211e-05 7.783282503661631e-06 0.999907236802358 5.671739544740549e-10 
4.071150761262002e-09 2.1894753865945927e-09 1.978694496789334e-08 0.9999999739524289 
0.05932312798453335 0.9406643095956762 5.8552003000273916e-09 1.2556564590322334e-05 
2.0429443661929917e-11 0.9981690679061299 3.013342880184563e-09 0.0018309290600977916 
0.03040660433633993 0.0009746113999257629 0.9686187041356548 8.012807955796087e-08 
0.9496754461973124 3.6469873880518096e-08 0.05032427536568077 2.419671329220467e-07 
2.23787186976915e-08 4.1119660318663765e-06 6.125559271678643e-08 0.9999958043996566 
1.1815062198941977e-05 1.656320721769089e-09 0.9999881786637289 4.617751412458759e-09 
0.6272796164854367 0.10737026881939378 0.2653489439737154 1.1707214540875472e-06 
8.413011259764061e-07 0.9227511587111056 0.0772477668036835 2.3318408497381905e-07 
6.093623207552357e-07 0.9999970681052945 7.712916931742893e-08 2.2454032154198764e-06 
2.298141072735729e-08 0.9999999544035998 2.0926331726059164e-08 1.688657565000925e-09 
2.1912934929378524e-08 0.9999715297526265 3.885062093079267e-09 2.8444449376515336e-05 
2.814723587032531e-10 0.9422021131867444 1.1468729640970909e-06 0.05779673965881918 
2.473003571487727e-05 0.0012344274254945276 0.9987407828669774 5.967181325875629e-08 
2.355987102748232e-12 3.792080890744932e-10 0.9998015726099991 0.00019842700843670635 
0.0002834081462387762 0.02603717138501943 0.0009327358083654415 0.9727466846603763 
0.13528612979272725 1.277667088507953e-07 5.080459677694602e-07 0.8647132343945961 
0.9633205489933514 2.9518354033555425e-10 0.036677906115573554 1.5445958913517645e-06 
0.9995409433380087 1.1344948806218312e-08 0.00023967397063092547 0.0002193713464115278 
9.366350064488021e-09 8.365677923719478e-08 0.9510270168145829 0.048972890162287785 
2.024726071450823e-06 4.3161835877910654e-07 0.9999975040110932 3.964447666590827e-08 
0.00010782976906932502 1.1062162278909232e-11 1.2888736492069592e-08 0.9998921573311319 
4.7467695094211376e-08 7.633305043051865e-07 0.999999149050902 4.0150898581853144e-08 
3.779230535068322e-09 1.7563750350697465e-07 0.9999998198051764 7.780895292668868e-10 
0.0002462735602610062 5.5954896710380564e-05 0.9996975648373163 2.0670571219082555e-07 
0.1526953756636664 0.8472703305518362 3.406354601448229e-05 2.3023848297956287e-07 
2.332443677013667e-10 2.672074557679407e-11 0.0001394041763119261 0.9998605955637229 
5.298777661514578e-06 0.8557383997232761 0.14417239529390277 8.39062051596615e-05 
2.931028894569288e-07 0.9999877313285604 3.332053012432459e-08 1.1942248020042765e-05 
0.00017925265559693703 2.650522900630002e-08 0.006054831584420308 0.9937658892547538 
0.9999362439822777 5.692239637416526e-06 4.473726230785041e-05 1.3326515777086264e-05 
3.372868225687961e-06 4.461335244621379e-09 0.0034328558957039436 0.9965637667747351 
0.004472689963162626 2.261447709919007e-09 0.995527280077958 2.7697431602480905e-08 
0.01840195936801721 1.7503999110593206e-08 2.2832558294867477e-08 0.9815980002954254 
1.0773604253764354e-06 0.6324634090244893 0.0024383878618896974 0.36509712575319575 
9.533862361830461e-11 1.5072201030068468e-07 6.159682706774646e-12 0.9999998491764914 
3.1538541043691424e-06 0.06626602430081273 0.9322068564323535 0.0015239654127293801 
0.9999992251802604 1.7357416280226461e-09 7.677647626770956e-07 5.319235260128872e-09 
0.053982856587792734 0.801720538857497 0.0018311575384961848 0.14246544701621397 
1.0138604077535548e-07 1.0761619480017718e-06 0.0019985309905286006 0.9980002914614825 
0.9999806951189155 5.965302083042734e-06 1.3125120272278526e-05 2.1445872916896976e-07 
0.9999993680240027 7.970147917901653e-11 6.053101101585052e-07 2.6586185616828924e-08 
1.2515396837775347e-09 1.661331777316352e-08 2.1871543676460843e-09 0.9999999799479883 
1.0363966087576329e-07 1.131089527997286e-09 1.4092602561861417e-06 0.9999984859689934 
5.198844347348379e-07 2.1419267108060326e-05 1.5685779866715719e-07 0.9999779039906586 
0.7723969864689392 4.3725048156337297e-13 0.22760299950189877 1.4028724691152545e-08 
1.1483140132018378e-11 1.1149726384572389e-11 0.04338637444091163 0.9566136255364555 
1.849212278268209e-08 0.9999790878681806 8.784705285734772e-09 2.0884854991454936e-05 
